启动本地服务器：starccm+.bat -server  -xencoded-session QzpcVXNlcnNcc2RjbGxcQXBwRGF0YVxMb2NhbFxUZW1wXHN0YXJfbWFjcm9fc3FfOHllOGVcd29yay5zaW0=
'DOSKEY' is not recognized as an internal or external command,
operable program or batch file.
Serial process 16080

Simcenter STAR-CCM+ 2502 Build 20.02.007 (win64/clang17.0vc14.2-r8)

License build date: 28 October 2024
This version of the code requires license version 2025.02 or greater.
Checking license file: C:\Program Files\Siemens\license.dat
1 copy of ccmpsuite checked out from C:\Program Files\Siemens\license.dat
Feature ccmpsuite does not expire
Tue Sep 22 01:04:17 2026

Server::start -host DESKTOP-IGS5VBC:47827
Loading: C:\Users\sdcll\AppData\Local\Temp\star_macro_sq_8ye8e\work.sim
Loading module: CadModeler
Loading module: MeshingSurfaceRepair
Started Parasolid modeler version 37.0.150
Saved by:
  STAR-CCM+ 7.03.069 (win64/intel11.1) Fri Mar 23 23:46:52 UTC 2012 Serial 
正在播放宏： C:\Users\sdcll\AppData\Local\Temp\star_macro_sq_8ye8e\StarBridgeMeshCase.java
SAMEMESH parts_before=0 regions_before=0


Importing d:/training/caedecoder/stardecoding/s6_samemesh/same_mesh.cgns
Loading module: CaeIOCgns
PartContact between (Air, Magnet)
  PatchMeshContact:  PS0 = bottom   p0=219  d0=Root  ,PS1 = source    p1=269  d1=Root
InPlacePartSurfaceContact: 
   Part0.PS0 = Air.bottom Pointer = PartSurface(1939667963760, key="star.common.PartSurface_596")
   Part1.PS1 = Magnet.source Pointer = PartSurface(1939667962640, key="star.common.PartSurface_603")
PartContact between (Air, Slot)
  PatchMeshContact:  PS0 = Default   p0=224  d0=Root  ,PS1 = Default    p1=321  d1=Root
InPlacePartSurfaceContact: 
   Part0.PS0 = Air.Default Pointer = PartSurface(1939667960960, key="star.common.PartSurface_593")
   Part1.PS1 = Slot.Default Pointer = PartSurface(1939668743296, key="star.common.PartSurface_616")
PartContact between (Air, Stator Steel)
  PatchMeshContact:  PS0 = Default   p0=220  d0=Root  ,PS1 = Default    p1=360  d1=Root
  PatchMeshContact:  PS0 = Default   p0=221  d0=Root  ,PS1 = Default    p1=361  d1=Root
  PatchMeshContact:  PS0 = Default   p0=222  d0=Root  ,PS1 = Default    p1=365  d1=Root
  PatchMeshContact:  PS0 = Default   p0=223  d0=Root  ,PS1 = Default    p1=368  d1=Root
InPlacePartSurfaceContact: 
   Part0.PS0 = Air.Default Pointer = PartSurface(1939667960960, key="star.common.PartSurface_593")
   Part1.PS1 = Stator Steel.Default Pointer = PartSurface(1939668755616, key="star.common.PartSurface_622")
PartContact between (Magnet, Rotor)
  PatchMeshContact:  PS0 = target   p0=270  d0=Root  ,PS1 = source    p1=296  d1=Root
InPlacePartSurfaceContact: 
   Part0.PS0 = Magnet.target Pointer = PartSurface(1939667963200, key="star.common.PartSurface_604")
   Part1.PS1 = Rotor.source Pointer = PartSurface(1939668751696, key="star.common.PartSurface_612")
PartContact between (Slot, Stator Steel)
  PatchMeshContact:  PS0 = Default   p0=318  d0=Root  ,PS1 = Default    p1=364  d1=Root
  PatchMeshContact:  PS0 = Default   p0=319  d0=Root  ,PS1 = Default    p1=363  d1=Root
  PatchMeshContact:  PS0 = Default   p0=320  d0=Root  ,PS1 = Default    p1=362  d1=Root
  PatchMeshContact:  PS0 = Default   p0=322  d0=Root  ,PS1 = Default    p1=367  d1=Root
  PatchMeshContact:  PS0 = Default   p0=323  d0=Root  ,PS1 = Default    p1=366  d1=Root
InPlacePartSurfaceContact: 
   Part0.PS0 = Slot.Default Pointer = PartSurface(1939668743296, key="star.common.PartSurface_616")
   Part1.PS1 = Stator Steel.Default Pointer = PartSurface(1939668755616, key="star.common.PartSurface_622")
Loading/configuring connectivity (old|new partitions: 1|1)
Configuring finished
Reading d:\training\caedecoder\stardecoding\s6_samemesh\same_mesh.cgns...
Reading faces : 53352
Re-Reading faces : 53352
Reading boundary : "Base:Zone:Cylinder" Number of faces 64
Reading boundary : "Base:Zone:Inlet" Number of faces 128
Reading boundary : "Base:Zone:Outlet" Number of faces 128
Reading boundary : "Base:Zone:WallYMax" Number of faces 256
Reading boundary : "Base:Zone:WallYMin" Number of faces 256
Reading boundary : "Base:Zone:WallZMax" Number of faces 4072
Reading boundary : "Base:Zone:WallZMin" Number of faces 4072
Processing mesh
Finished reading d:\training\caedecoder\stardecoding\s6_samemesh\same_mesh.cgns
Reordering
Finished importing
Imported coordinate extents (m)
X extents: [0.0, 0.64]
   Y extents: [0.0, 0.32]
   Z extents: [0.0, 0.02]

**********************
WARNING: CGNS File library version reads 3.4.0.
Due to a bug in CGNS, this could mean that the file was written by version 3.4.1.
Simcenter STAR-CCM+ may crash when importing this file.
**********************
INFO: No CGNS units information found for base node 1
SAMEMESH parts_new=0
SAMEMESH region=Zone
Loading module: MotionModel
Loading module: MaterialModel
Reading material property database "C:\Program Files\Siemens\20.02.007-R8\STAR-CCM+20.02.007-R8\star\data\props.mdb"...
Loading module: SegregatedFlowModel
SAMEMESH bnd|Cylinder
SAMEMESH bnd|Inlet
SAMEMESH bnd|Outlet
SAMEMESH bnd|WallYMax
SAMEMESH bnd|WallYMin
SAMEMESH bnd|WallZMax
SAMEMESH bnd|WallZMin
     Iteration     Continuity     X-momentum     Y-momentum     Z-momentum 
             1   1.000000e+00   1.000000e+00   0.000000e+00   0.000000e+00 
             2   8.454727e-01   1.000000e+00   1.000000e+00   1.000000e+00 
             3   9.724370e-01   8.747639e-01   5.348022e-01   5.500214e-01 
             4   9.101205e-01   6.242910e-01   3.905560e-01   6.389993e-01 
             5   8.324003e-01   3.879425e-01   3.353076e-01   5.895342e-01 
             6   6.611766e-01   2.925155e-01   2.966259e-01   5.785432e-01 
             7   5.275927e-01   2.149566e-01   2.432396e-01   5.147354e-01 
             8   4.840190e-01   1.752983e-01   1.973161e-01   4.174792e-01 
             9   3.907654e-01   1.464847e-01   1.669069e-01   3.453705e-01 
            10   3.597897e-01   1.450379e-01   1.632732e-01   2.959581e-01 
     Iteration     Continuity     X-momentum     Y-momentum     Z-momentum 
            11   3.006404e-01   1.235033e-01   1.267899e-01   2.799970e-01 
            12   2.646738e-01   1.117557e-01   1.143357e-01   2.515745e-01 
            13   2.251062e-01   9.507681e-02   1.492128e-01   2.343222e-01 
            14   2.164463e-01   8.077976e-02   1.067393e-01   1.813757e-01 
            15   1.854573e-01   7.322196e-02   9.088952e-02   1.631174e-01 
            16   1.587799e-01   6.696018e-02   9.246428e-02   1.441168e-01 
            17   1.479958e-01   5.801598e-02   7.083894e-02   1.184097e-01 
            18   1.210694e-01   5.088935e-02   6.149860e-02   1.031522e-01 
            19   1.144705e-01   5.002585e-02   6.140533e-02   1.115425e-01 
            20   9.978696e-02   4.406065e-02   5.043923e-02   8.176950e-02 
     Iteration     Continuity     X-momentum     Y-momentum     Z-momentum 
            21   8.715432e-02   4.053141e-02   4.590212e-02   6.812285e-02 
            22   7.641247e-02   3.757312e-02   4.239687e-02   6.284694e-02 
            23   7.057288e-02   3.577557e-02   4.456135e-02   6.043576e-02 
            24   6.504377e-02   3.202472e-02   3.807460e-02   5.305155e-02 
            25   6.227610e-02   3.326168e-02   3.857137e-02   5.548264e-02 
            26   6.246695e-02   2.852677e-02   3.248077e-02   4.766582e-02 
            27   5.747011e-02   2.666136e-02   2.953425e-02   4.300425e-02 
            28   5.224145e-02   2.516665e-02   2.732446e-02   3.644648e-02 
            29   4.734488e-02   2.379098e-02   2.570456e-02   3.198583e-02 
            30   4.338622e-02   2.264130e-02   2.407105e-02   3.022690e-02 
     Iteration     Continuity     X-momentum     Y-momentum     Z-momentum 
            31   3.947694e-02   2.161109e-02   2.259141e-02   2.809667e-02 
            32   3.625509e-02   2.053872e-02   2.159022e-02   2.900377e-02 
            33   3.507241e-02   1.947389e-02   1.939292e-02   2.672683e-02 
            34   3.185625e-02   1.862297e-02   1.810918e-02   2.258603e-02 
            35   2.919196e-02   1.783955e-02   1.691122e-02   2.040928e-02 
            36   2.961767e-02   1.701886e-02   1.582115e-02   1.778322e-02 
            37   2.598633e-02   1.625222e-02   1.522786e-02   1.722963e-02 
            38   2.520555e-02   1.544671e-02   1.417859e-02   1.519679e-02 
            39   2.310937e-02   1.473056e-02   1.338593e-02   1.460724e-02 
            40   2.228980e-02   1.405381e-02   1.269826e-02   1.356959e-02 
     Iteration     Continuity     X-momentum     Y-momentum     Z-momentum 
            41   2.066792e-02   1.350977e-02   1.197109e-02   1.314918e-02 
            42   1.994224e-02   1.300328e-02   1.138770e-02   1.215656e-02 
            43   1.866341e-02   1.243972e-02   1.076336e-02   1.179514e-02 
            44   1.804483e-02   1.201656e-02   1.021793e-02   1.101638e-02 
            45   1.687536e-02   1.149940e-02   9.670226e-03   1.066136e-02 
            46   1.615610e-02   1.102294e-02   9.233850e-03   9.962699e-03 
            47   1.522392e-02   1.062940e-02   8.843675e-03   9.600209e-03 
            48   1.450019e-02   1.013781e-02   8.488821e-03   9.140298e-03 
            49   1.380963e-02   9.675149e-03   8.119002e-03   8.661885e-03 
            50   1.337106e-02   9.263517e-03   7.894459e-03   8.277268e-03 
     Iteration     Continuity     X-momentum     Y-momentum     Z-momentum 
            51   1.279878e-02   8.799906e-03   7.620094e-03   7.997919e-03 
            52   1.249604e-02   8.431985e-03   7.378279e-03   7.527314e-03 
            53   1.192627e-02   8.085112e-03   7.044684e-03   7.250680e-03 
            54   1.137798e-02   7.714789e-03   6.759161e-03   6.944395e-03 
            55   1.081103e-02   7.375042e-03   6.455693e-03   6.628944e-03 
            56   1.030754e-02   7.135714e-03   6.156686e-03   6.345781e-03 
            57   9.770776e-03   6.817929e-03   5.823861e-03   6.039384e-03 
            58   9.303014e-03   6.490709e-03   5.546345e-03   5.849377e-03 
            59   9.028437e-03   6.263956e-03   5.284077e-03   5.555719e-03 
            60   8.395883e-03   5.973986e-03   4.986699e-03   5.278175e-03 
     Iteration     Continuity     X-momentum     Y-momentum     Z-momentum 
            61   7.986011e-03   5.672409e-03   4.780336e-03   5.093868e-03 
            62   8.263235e-03   5.442018e-03   4.416230e-03   4.677556e-03 
            63   7.408732e-03   5.234204e-03   4.266628e-03   4.796791e-03 
            64   6.946543e-03   4.984594e-03   4.011340e-03   4.489131e-03 
            65   6.554294e-03   4.793802e-03   3.823994e-03   4.152447e-03 
            66   6.218871e-03   4.641415e-03   3.623746e-03   3.945691e-03 
            67   5.964567e-03   4.467193e-03   3.428618e-03   3.792388e-03 
            68   5.720279e-03   4.311077e-03   3.279944e-03   3.632539e-03 
            69   5.539965e-03   4.202230e-03   3.108281e-03   3.493899e-03 
            70   5.391204e-03   4.067382e-03   2.965862e-03   3.400030e-03 
     Iteration     Continuity     X-momentum     Y-momentum     Z-momentum 
            71   5.259524e-03   3.936751e-03   2.826558e-03   3.270517e-03 
            72   5.176862e-03   3.782491e-03   2.683091e-03   3.117885e-03 
            73   4.976343e-03   3.521891e-03   2.552667e-03   2.980081e-03 
            74   4.752184e-03   3.378041e-03   2.416884e-03   2.860895e-03 
            75   4.522948e-03   3.299598e-03   2.303311e-03   2.724790e-03 
            76   4.303504e-03   3.275468e-03   2.192896e-03   2.584666e-03 
            77   4.250240e-03   3.330960e-03   2.081694e-03   2.449499e-03 
            78   4.333531e-03   3.253230e-03   1.986957e-03   2.344988e-03 
            79   4.272693e-03   3.101835e-03   1.910123e-03   2.332676e-03 
            80   4.089789e-03   2.933631e-03   1.824946e-03   2.283201e-03 
     Iteration     Continuity     X-momentum     Y-momentum     Z-momentum 
            81   3.913022e-03   2.789938e-03   1.729413e-03   2.192814e-03 
            82   3.768070e-03   2.755259e-03   1.646609e-03   2.128000e-03 
            83   3.679859e-03   2.739529e-03   1.562224e-03   2.067318e-03 
            84   3.586524e-03   2.634690e-03   1.497049e-03   2.015021e-03 
            85   3.487315e-03   2.510317e-03   1.443126e-03   1.925933e-03 
            86   3.370710e-03   2.345886e-03   1.375038e-03   1.856421e-03 
            87   3.171788e-03   2.232953e-03   1.314772e-03   1.781174e-03 
            88   2.999984e-03   2.168802e-03   1.242390e-03   1.722583e-03 
            89   2.856077e-03   2.099763e-03   1.181073e-03   1.650068e-03 
            90   2.760972e-03   2.052300e-03   1.128632e-03   1.565859e-03 
     Iteration     Continuity     X-momentum     Y-momentum     Z-momentum 
            91   2.685048e-03   2.009125e-03   1.072990e-03   1.469884e-03 
            92   2.643364e-03   1.984100e-03   1.026448e-03   1.414806e-03 
            93   2.659520e-03   1.982419e-03   9.854859e-04   1.392513e-03 
            94   2.632110e-03   1.921183e-03   9.471403e-04   1.377781e-03 
            95   2.577550e-03   1.886603e-03   9.097380e-04   1.342864e-03 
            96   2.531406e-03   1.896159e-03   8.802761e-04   1.319996e-03 
            97   2.541021e-03   1.930009e-03   8.515445e-04   1.282178e-03 
            98   2.561152e-03   1.930931e-03   8.180458e-04   1.245550e-03 
            99   2.514521e-03   1.768678e-03   7.842197e-04   1.240661e-03 
           100   2.336258e-03   1.629305e-03   7.522204e-04   1.190577e-03 
     Iteration     Continuity     X-momentum     Y-momentum     Z-momentum 
           101   2.192953e-03   1.617885e-03   7.260514e-04   1.140500e-03 
           102   2.138606e-03   1.620231e-03   6.901530e-04   1.073218e-03 
           103   2.097372e-03   1.526468e-03   6.600054e-04   1.013507e-03 
           104   2.033373e-03   1.483759e-03   6.403792e-04   9.924070e-04 
           105   2.034556e-03   1.498749e-03   6.154458e-04   9.664424e-04 
           106   2.166729e-03   1.569464e-03   5.934901e-04   9.491030e-04 
           107   2.292730e-03   1.592611e-03   5.780719e-04   9.735111e-04 
           108   2.344969e-03   1.554585e-03   5.672632e-04   1.012505e-03 
           109   2.343303e-03   1.447971e-03   5.702693e-04   1.024391e-03 
           110   2.275941e-03   1.357603e-03   5.612137e-04   1.020079e-03 
     Iteration     Continuity     X-momentum     Y-momentum     Z-momentum 
           111   2.146955e-03   1.374921e-03   5.349412e-04   1.017504e-03 
           112   2.023220e-03   1.424009e-03   5.140449e-04   9.978537e-04 
           113   1.941565e-03   1.438507e-03   4.949791e-04   9.501947e-04 
           114   1.898286e-03   1.449678e-03   5.119275e-04   9.300116e-04 
           115   1.921070e-03   1.421382e-03   4.735824e-04   9.103902e-04 
           116   1.936258e-03   1.365350e-03   4.508971e-04   8.969659e-04 
           117   1.900637e-03   1.282894e-03   4.395195e-04   8.672957e-04 
           118   1.832347e-03   1.240309e-03   4.317055e-04   8.494566e-04 
           119   1.766267e-03   1.242837e-03   4.114904e-04   8.295307e-04 
           120   1.723944e-03   1.262243e-03   3.973256e-04   8.018751e-04 
     Iteration     Continuity     X-momentum     Y-momentum     Z-momentum 
           121   1.726056e-03   1.281708e-03   3.900150e-04   7.750082e-04 
           122   1.766259e-03   1.305687e-03   3.904394e-04   7.655829e-04 
           123   1.839769e-03   1.354356e-03   4.065802e-04   7.797878e-04 
           124   1.806519e-03   1.368365e-03   4.090674e-04   8.161316e-04 
           125   1.824950e-03   1.425747e-03   3.988897e-04   8.155981e-04 
           126   1.905528e-03   1.486974e-03   4.069233e-04   8.198866e-04 
           127   2.017605e-03   1.514549e-03   4.041277e-04   8.388269e-04 
           128   1.886919e-03   1.230264e-03   3.881925e-04   8.547101e-04 
           129   1.755221e-03   1.215736e-03   3.939103e-04   8.531921e-04 
           130   1.666618e-03   1.238360e-03   3.852621e-04   8.206239e-04 
     Iteration     Continuity     X-momentum     Y-momentum     Z-momentum 
           131   1.625814e-03   1.253950e-03   3.675873e-04   7.864400e-04 
           132   1.650713e-03   1.253086e-03   3.633897e-04   7.635306e-04 
           133   1.721835e-03   1.244153e-03   3.663560e-04   7.561699e-04 
           134   1.819904e-03   1.255941e-03   3.856262e-04   7.589458e-04 
           135   1.882747e-03   1.266613e-03   4.032481e-04   7.993299e-04 
           136   1.907030e-03   1.259345e-03   3.928499e-04   8.202350e-04 
           137   1.921287e-03   1.229845e-03   4.032645e-04   8.307563e-04 
           138   1.902736e-03   1.206242e-03   4.091335e-04   8.574215e-04 
           139   1.837657e-03   1.225945e-03   4.052200e-04   8.750097e-04 
           140   1.782399e-03   1.250615e-03   3.823206e-04   8.645960e-04 
     Iteration     Continuity     X-momentum     Y-momentum     Z-momentum 
           141   1.758320e-03   1.279014e-03   3.722019e-04   8.590606e-04 
           142   1.750355e-03   1.286599e-03   3.634674e-04   8.482665e-04 
           143   1.745557e-03   1.279895e-03   3.670530e-04   8.411781e-04 
           144   1.767881e-03   1.284758e-03   3.545962e-04   8.284322e-04 
           145   1.788420e-03   1.284245e-03   3.469752e-04   8.307572e-04 
           146   1.762877e-03   1.136205e-03   3.487120e-04   8.363256e-04 
           147   1.706010e-03   1.064725e-03   3.506374e-04   8.566858e-04 
           148   1.634021e-03   1.031125e-03   3.446910e-04   8.418604e-04 
           149   1.544169e-03   1.008422e-03   3.387053e-04   8.002747e-04 
           150   1.457780e-03   1.008362e-03   3.308874e-04   7.559739e-04 
     Iteration     Continuity     X-momentum     Y-momentum     Z-momentum 
           151   1.396433e-03   1.019522e-03   3.230414e-04   7.159858e-04 
           152   1.364952e-03   1.021698e-03   3.063983e-04   6.820473e-04 
           153   1.349215e-03   1.007976e-03   2.994600e-04   6.456076e-04 
           154   1.343106e-03   9.958387e-04   3.016121e-04   6.262912e-04 
           155   1.345234e-03   9.892232e-04   2.933032e-04   6.120524e-04 
           156   1.351530e-03   9.887078e-04   2.915511e-04   6.046263e-04 
           157   1.359649e-03   9.905052e-04   2.908546e-04   5.993148e-04 
           158   1.370115e-03   9.892868e-04   2.876873e-04   5.957314e-04 
           159   1.380861e-03   9.855812e-04   2.907580e-04   5.943658e-04 
           160   1.391980e-03   9.816477e-04   2.911369e-04   5.924873e-04 
     Iteration     Continuity     X-momentum     Y-momentum     Z-momentum 
           161   1.402416e-03   9.814788e-04   2.886549e-04   5.870550e-04 
           162   1.416881e-03   9.831001e-04   2.875845e-04   5.853115e-04 
           163   1.434739e-03   9.870996e-04   2.874256e-04   5.889024e-04 
           164   1.443858e-03   9.884928e-04   2.871514e-04   5.924868e-04 
           165   1.447922e-03   9.938230e-04   2.850395e-04   5.958027e-04 
           166   1.420133e-03   9.602789e-04   2.894982e-04   6.160892e-04 
           167   1.388186e-03   9.565065e-04   2.895192e-04   6.395139e-04 
           168   1.362909e-03   9.617888e-04   2.956357e-04   6.384056e-04 
           169   1.337982e-03   9.530103e-04   2.891849e-04   6.274181e-04 
           170   1.316092e-03   9.270456e-04   2.794321e-04   6.160896e-04 
     Iteration     Continuity     X-momentum     Y-momentum     Z-momentum 
           171   1.294229e-03   8.884676e-04   2.706207e-04   6.144095e-04 
           172   1.265150e-03   8.494171e-04   2.648355e-04   6.125145e-04 
           173   1.230611e-03   8.177521e-04   2.585442e-04   5.977674e-04 
           174   1.190122e-03   7.969922e-04   2.610586e-04   5.849427e-04 
           175   1.152497e-03   7.842961e-04   2.535506e-04   5.567045e-04 
           176   1.119686e-03   7.737504e-04   2.477311e-04   5.294414e-04 
           177   1.097608e-03   7.710313e-04   2.430813e-04   5.050262e-04 
           178   1.082066e-03   7.679134e-04   2.354886e-04   4.850828e-04 
           179   1.071582e-03   7.651383e-04   2.291097e-04   4.796214e-04 
           180   1.059444e-03   7.623909e-04   2.261616e-04   4.623929e-04 
     Iteration     Continuity     X-momentum     Y-momentum     Z-momentum 
           181   1.051145e-03   7.601282e-04   2.213145e-04   4.537978e-04 
           182   1.042502e-03   7.599650e-04   2.230211e-04   4.461115e-04 
           183   1.033631e-03   7.596237e-04   2.182501e-04   4.384863e-04 
           184   1.027619e-03   7.618048e-04   2.124176e-04   4.343956e-04 
           185   1.025108e-03   7.675874e-04   2.150181e-04   4.354096e-04 
           186   1.032348e-03   7.752662e-04   2.132257e-04   4.351234e-04 
           187   1.048424e-03   7.827319e-04   2.130117e-04   4.457997e-04 
           188   1.067477e-03   7.899632e-04   2.197993e-04   4.506085e-04 
           189   1.091580e-03   7.959965e-04   2.271272e-04   4.521724e-04 
           190   1.121144e-03   7.996257e-04   2.305001e-04   4.569939e-04 
     Iteration     Continuity     X-momentum     Y-momentum     Z-momentum 
           191   1.151994e-03   8.001685e-04   2.372268e-04   4.679512e-04 
           192   1.179574e-03   7.952505e-04   2.418467e-04   4.825354e-04 
           193   1.197843e-03   7.835312e-04   2.467129e-04   4.955051e-04 
           194   1.209973e-03   7.647376e-04   2.455992e-04   5.077234e-04 
           195   1.212581e-03   7.419567e-04   2.447173e-04   5.116249e-04 
           196   1.205257e-03   7.158685e-04   2.467451e-04   5.137375e-04 
           197   1.171041e-03   6.657661e-04   2.457736e-04   5.173394e-04 
           198   1.113345e-03   6.105437e-04   2.411264e-04   5.058003e-04 
           199   1.048718e-03   5.704601e-04   2.341003e-04   4.799399e-04 
           200   9.775816e-04   5.284602e-04   2.247266e-04   4.479216e-04 
     Iteration     Continuity     X-momentum     Y-momentum     Z-momentum 
           201   9.176535e-04   5.034572e-04   2.159891e-04   4.171959e-04 
           202   8.681921e-04   4.847595e-04   2.030930e-04   3.890586e-04 
           203   8.269895e-04   4.670547e-04   1.917313e-04   3.730254e-04 
           204   7.938970e-04   4.468765e-04   1.799329e-04   3.603481e-04 
           205   7.602963e-04   4.256111e-04   1.684575e-04   3.496582e-04 
           206   7.240336e-04   4.086633e-04   1.594700e-04   3.384195e-04 
           207   6.887830e-04   3.959131e-04   1.493481e-04   3.206671e-04 
           208   6.593407e-04   3.860879e-04   1.400336e-04   3.030901e-04 
           209   6.373633e-04   3.820694e-04   1.427341e-04   2.849985e-04 
           210   6.270243e-04   3.745751e-04   1.351685e-04   2.678993e-04 
     Iteration     Continuity     X-momentum     Y-momentum     Z-momentum 
           211   6.176380e-04   3.626867e-04   1.312651e-04   2.492948e-04 
           212   5.999383e-04   3.499297e-04   1.297158e-04   2.389026e-04 
           213   5.766016e-04   3.384784e-04   1.236651e-04   2.338855e-04 
           214   5.500521e-04   3.290992e-04   1.166299e-04   2.273016e-04 
           215   5.248134e-04   3.208016e-04   1.077292e-04   2.193902e-04 
           216   5.052408e-04   3.147681e-04   1.028637e-04   2.138650e-04 
           217   4.901357e-04   3.067341e-04   9.757432e-05   2.047108e-04 
           218   4.766631e-04   3.035236e-04   9.944907e-05   1.984586e-04 
           219   4.662971e-04   3.052028e-04   9.277193e-05   1.939421e-04 
           220   4.618584e-04   3.084006e-04   8.792152e-05   1.907529e-04 
     Iteration     Continuity     X-momentum     Y-momentum     Z-momentum 
           221   4.639077e-04   3.111848e-04   8.418651e-05   1.902525e-04 
           222   4.715070e-04   3.151439e-04   8.065816e-05   1.900029e-04 
           223   4.861350e-04   3.184236e-04   7.871497e-05   1.920580e-04 
           224   5.032631e-04   3.189488e-04   8.269949e-05   1.960944e-04 
           225   5.135668e-04   3.175813e-04   8.501497e-05   1.996093e-04 
           226   5.194321e-04   3.132368e-04   8.680736e-05   2.057624e-04 
           227   5.182692e-04   3.061943e-04   9.142142e-05   2.111956e-04 
           228   5.055172e-04   3.017296e-04   9.484497e-05   2.118393e-04 
           229   4.843562e-04   3.003810e-04   9.426468e-05   2.120273e-04 
           230   4.601377e-04   3.032987e-04   9.137307e-05   2.091034e-04 
     Iteration     Continuity     X-momentum     Y-momentum     Z-momentum 
           231   4.424541e-04   3.083762e-04   8.655315e-05   2.027971e-04 
           232   4.355267e-04   3.144688e-04   8.281412e-05   1.925076e-04 
           233   4.416264e-04   3.220009e-04   8.354601e-05   1.855150e-04 
           234   4.576001e-04   3.287171e-04   8.961923e-05   1.806544e-04 
           235   4.812231e-04   3.361197e-04   8.452474e-05   1.791701e-04 
           236   5.045009e-04   3.406420e-04   8.896826e-05   1.819315e-04 
           237   5.232702e-04   3.389247e-04   8.843835e-05   1.804547e-04 
           238   5.304169e-04   3.361255e-04   8.909566e-05   1.873135e-04 
           239   5.278140e-04   3.360073e-04   9.067678e-05   1.953575e-04 
           240   5.230116e-04   3.376961e-04   9.079601e-05   2.043881e-04 
     Iteration     Continuity     X-momentum     Y-momentum     Z-momentum 
           241   5.211458e-04   3.392485e-04   9.386051e-05   2.115318e-04 
           242   5.233041e-04   3.428220e-04   1.029849e-04   2.146493e-04 
           243   5.297043e-04   3.398231e-04   1.019328e-04   2.123500e-04 
           244   5.305712e-04   3.331369e-04   1.027543e-04   2.051232e-04 
           245   5.183916e-04   3.266698e-04   1.037432e-04   2.010981e-04 
           246   4.988654e-04   3.233191e-04   1.000428e-04   1.989061e-04 
           247   4.771147e-04   3.220969e-04   9.470612e-05   1.957814e-04 
           248   4.604583e-04   3.229413e-04   8.820328e-05   1.894822e-04 
           249   4.544176e-04   3.283617e-04   8.664383e-05   1.860515e-04 
           250   4.593687e-04   3.325534e-04   8.616783e-05   1.870416e-04 
     Iteration     Continuity     X-momentum     Y-momentum     Z-momentum 
           251   4.707345e-04   3.375145e-04   8.964219e-05   1.852950e-04 
           252   4.846760e-04   3.429486e-04   8.871199e-05   1.833676e-04 
           253   4.982661e-04   3.476442e-04   8.784376e-05   1.824475e-04 
           254   5.115384e-04   3.529070e-04   8.635092e-05   1.860203e-04 
           255   5.258647e-04   3.595901e-04   8.305451e-05   1.896064e-04 
           256   5.435300e-04   3.669400e-04   8.440458e-05   2.009876e-04 
           257   5.622632e-04   3.695342e-04   9.209836e-05   2.097845e-04 
           258   5.755274e-04   3.678701e-04   1.014857e-04   2.173132e-04 
           259   5.820068e-04   3.613763e-04   1.043065e-04   2.222015e-04 
           260   5.808741e-04   3.510241e-04   1.071979e-04   2.234325e-04 
     Iteration     Continuity     X-momentum     Y-momentum     Z-momentum 
           261   5.672058e-04   3.414762e-04   1.102163e-04   2.205244e-04 
           262   5.425275e-04   3.361365e-04   1.092454e-04   2.192487e-04 
           263   5.129996e-04   3.368869e-04   1.051127e-04   2.155769e-04 
           264   4.892057e-04   3.421418e-04   9.903436e-05   2.129900e-04 
           265   4.765646e-04   3.540587e-04   9.851473e-05   2.134137e-04 
           266   4.789040e-04   3.698148e-04   9.110708e-05   2.079934e-04 
           267   4.955038e-04   3.818490e-04   9.486253e-05   2.009633e-04 
           268   5.208606e-04   3.904795e-04   9.245169e-05   1.962832e-04 
           269   5.491104e-04   3.959772e-04   9.605541e-05   1.960512e-04 
           270   5.714627e-04   3.966232e-04   9.839696e-05   1.982495e-04 
     Iteration     Continuity     X-momentum     Y-momentum     Z-momentum 
           271   5.892801e-04   3.968589e-04   9.439181e-05   2.076530e-04 
           272   6.010110e-04   3.975622e-04   9.560045e-05   2.221030e-04 
           273   6.055352e-04   3.991890e-04   1.058768e-04   2.331547e-04 
           274   6.092473e-04   3.971564e-04   1.065096e-04   2.408977e-04 
           275   6.115951e-04   3.947171e-04   1.175546e-04   2.461042e-04 
           276   6.119714e-04   3.874518e-04   1.184601e-04   2.421179e-04 
           277   6.039693e-04   3.781561e-04   1.187980e-04   2.369668e-04 
           278   5.833412e-04   3.711222e-04   1.196020e-04   2.324942e-04 
           279   5.563618e-04   3.689582e-04   1.151083e-04   2.292519e-04 
           280   5.312514e-04   3.733461e-04   1.121695e-04   2.269315e-04 
     Iteration     Continuity     X-momentum     Y-momentum     Z-momentum 
           281   5.198820e-04   3.847114e-04   1.092464e-04   2.245765e-04 
           282   5.268511e-04   3.971129e-04   1.003839e-04   2.214248e-04 
           283   5.455861e-04   4.005040e-04   9.791592e-05   2.166432e-04 
           284   5.639266e-04   4.034589e-04   1.056187e-04   2.163217e-04 
           285   5.745862e-04   4.085037e-04   1.037448e-04   2.155831e-04 
           286   5.842291e-04   4.184590e-04   1.036047e-04   2.221765e-04 
           287   5.997816e-04   4.288864e-04   1.031039e-04   2.336932e-04 
           288   6.194401e-04   4.368051e-04   1.042684e-04   2.450283e-04 
           289   6.377286e-04   4.400960e-04   1.099411e-04   2.511407e-04 
           290   6.534991e-04   4.398446e-04   1.154973e-04   2.550428e-04 
     Iteration     Continuity     X-momentum     Y-momentum     Z-momentum 
           291   6.658463e-04   4.376429e-04   1.200829e-04   2.608621e-04 
           292   6.684708e-04   4.298189e-04   1.256368e-04   2.611404e-04 
           293   6.617629e-04   4.171910e-04   1.293065e-04   2.612000e-04 
           294   6.446405e-04   4.028753e-04   1.303853e-04   2.581072e-04 
           295   6.130727e-04   3.859477e-04   1.282234e-04   2.573523e-04 
           296   5.818798e-04   3.902103e-04   1.247565e-04   2.554794e-04 
           297   5.565235e-04   4.050442e-04   1.219659e-04   2.501983e-04 
           298   5.445749e-04   4.218495e-04   1.120910e-04   2.410273e-04 
           299   5.527203e-04   4.343995e-04   1.074567e-04   2.334370e-04 
           300   5.742070e-04   4.422708e-04   1.091148e-04   2.290522e-04 
     Iteration     Continuity     X-momentum     Y-momentum     Z-momentum 
           301   6.009826e-04   4.474473e-04   1.145670e-04   2.244399e-04 
           302   6.328308e-04   4.527559e-04   1.095535e-04   2.341480e-04 
           303   6.660631e-04   4.555143e-04   1.107296e-04   2.465943e-04 
           304   6.886184e-04   4.533458e-04   1.208563e-04   2.543971e-04 
           305   6.984897e-04   4.494372e-04   1.198549e-04   2.625394e-04 
           306   6.956640e-04   4.420571e-04   1.226036e-04   2.720212e-04 
           307   6.695009e-04   4.262982e-04   1.263228e-04   2.778528e-04 
           308   6.488574e-04   4.245372e-04   1.396323e-04   2.735941e-04 
           309   6.404115e-04   4.214081e-04   1.327719e-04   2.685404e-04 
           310   6.321270e-04   4.143093e-04   1.303294e-04   2.613589e-04 
     Iteration     Continuity     X-momentum     Y-momentum     Z-momentum 
           311   6.185666e-04   4.099190e-04   1.334995e-04   2.562027e-04 
           312   6.057966e-04   4.140828e-04   1.338591e-04   2.506997e-04 
           313   6.002410e-04   4.216953e-04   1.212355e-04   2.477128e-04 
           314   6.027257e-04   4.264033e-04   1.137111e-04   2.426234e-04 
           315   6.113358e-04   4.269824e-04   1.087372e-04   2.378198e-04 
           316   6.149064e-04   4.264502e-04   1.111262e-04   2.361170e-04 
           317   6.140499e-04   4.289887e-04   1.156279e-04   2.363968e-04 
           318   6.182724e-04   4.380885e-04   1.148095e-04   2.433447e-04 
           319   6.313483e-04   4.473407e-04   1.124781e-04   2.520385e-04 
           320   6.484256e-04   4.496592e-04   1.164005e-04   2.570158e-04 
     Iteration     Continuity     X-momentum     Y-momentum     Z-momentum 
           321   6.628279e-04   4.457454e-04   1.212978e-04   2.555752e-04 
           322   6.749279e-04   4.416865e-04   1.189359e-04   2.568251e-04 
           323   6.851094e-04   4.352900e-04   1.202625e-04   2.597810e-04 
           324   6.915560e-04   4.290437e-04   1.267723e-04   2.605479e-04 
           325   6.923245e-04   4.224484e-04   1.307489e-04   2.623649e-04 
           326   6.871750e-04   4.150926e-04   1.329221e-04   2.622007e-04 
           327   6.735944e-04   4.087613e-04   1.344961e-04   2.634329e-04 
           328   6.510589e-04   4.124730e-04   1.391678e-04   2.677314e-04 
           329   6.275348e-04   4.240166e-04   1.307987e-04   2.649375e-04 
           330   6.103996e-04   4.387659e-04   1.246625e-04   2.592706e-04 
     Iteration     Continuity     X-momentum     Y-momentum     Z-momentum 
           331   6.055956e-04   4.495572e-04   1.175081e-04   2.506196e-04 
           332   6.146766e-04   4.604739e-04   1.194700e-04   2.444216e-04 
           333   6.369428e-04   4.679904e-04   1.177195e-04   2.486907e-04 
           334   6.678453e-04   4.773700e-04   1.233482e-04   2.509250e-04 
           335   7.086374e-04   4.860641e-04   1.209241e-04   2.631388e-04 
           336   7.422776e-04   4.889522e-04   1.333457e-04   2.679493e-04 
           337   7.613271e-04   4.838006e-04   1.361732e-04   2.733289e-04 
           338   7.647067e-04   4.747129e-04   1.358115e-04   2.849849e-04 
           339   7.388648e-04   4.610297e-04   1.407494e-04   2.924180e-04 
           340   7.136981e-04   4.576156e-04   1.423937e-04   2.950637e-04 
     Iteration     Continuity     X-momentum     Y-momentum     Z-momentum 
           341   6.985348e-04   4.587654e-04   1.540079e-04   2.942448e-04 
           342   6.917294e-04   4.600331e-04   1.439365e-04   2.913959e-04 
           343   6.922499e-04   4.581722e-04   1.430364e-04   2.859412e-04 
           344   6.894991e-04   4.580254e-04   1.472630e-04   2.786759e-04 
           345   6.858288e-04   4.605020e-04   1.392896e-04   2.756542e-04 
           346   6.823150e-04   4.614117e-04   1.325237e-04   2.755174e-04 
           347   6.793328e-04   4.602133e-04   1.270455e-04   2.700786e-04 
           348   6.781602e-04   4.576385e-04   1.264701e-04   2.665276e-04 
           349   6.726686e-04   4.561315e-04   1.251261e-04   2.690064e-04 
           350   6.700379e-04   4.587609e-04   1.310728e-04   2.751733e-04 
     Iteration     Continuity     X-momentum     Y-momentum     Z-momentum 
           351   6.744941e-04   4.667383e-04   1.267090e-04   2.776003e-04 
           352   6.809995e-04   4.719996e-04   1.270033e-04   2.775872e-04 
           353   6.937453e-04   4.719917e-04   1.302324e-04   2.771345e-04 
           354   7.067403e-04   4.683042e-04   1.264557e-04   2.789297e-04 
           355   7.197414e-04   4.658507e-04   1.251167e-04   2.790176e-04 
           356   7.333762e-04   4.623672e-04   1.277783e-04   2.776750e-04 
           357   7.439934e-04   4.583192e-04   1.334474e-04   2.794919e-04 
           358   7.480167e-04   4.522180e-04   1.377973e-04   2.836456e-04 
           359   7.448557e-04   4.431130e-04   1.412810e-04   2.847448e-04 
           360   7.277069e-04   4.368944e-04   1.421934e-04   2.860359e-04 
     Iteration     Continuity     X-momentum     Y-momentum     Z-momentum 
           361   6.991301e-04   4.397688e-04   1.450161e-04   2.854331e-04 
           362   6.688531e-04   4.521485e-04   1.376062e-04   2.851964e-04 
           363   6.471404e-04   4.638347e-04   1.286279e-04   2.791009e-04 
           364   6.396237e-04   4.758713e-04   1.206807e-04   2.669755e-04 
           365   6.493914e-04   4.897873e-04   1.212123e-04   2.572684e-04 
           366   6.770797e-04   5.019936e-04   1.232712e-04   2.617225e-04 
           367   7.184063e-04   5.152757e-04   1.238015e-04   2.615487e-04 
           368   7.659228e-04   5.247723e-04   1.262810e-04   2.717366e-04 
           369   8.006792e-04   5.243238e-04   1.371717e-04   2.737840e-04 
           370   8.171041e-04   5.158975e-04   1.431190e-04   2.846457e-04 
     Iteration     Continuity     X-momentum     Y-momentum     Z-momentum 
           371   8.135850e-04   5.069051e-04   1.406901e-04   2.999957e-04 
           372   7.894248e-04   4.979310e-04   1.430440e-04   3.094585e-04 
           373   7.616485e-04   4.942096e-04   1.443666e-04   3.129951e-04 
           374   7.494677e-04   4.994431e-04   1.621347e-04   3.132115e-04 
           375   7.499333e-04   4.997138e-04   1.528368e-04   3.070489e-04 
           376   7.535164e-04   4.949019e-04   1.492869e-04   2.975572e-04 
           377   7.451552e-04   4.906851e-04   1.534150e-04   2.893420e-04 
           378   7.336484e-04   4.898479e-04   1.433103e-04   2.871050e-04 
           379   7.210811e-04   4.901467e-04   1.382420e-04   2.872752e-04 
           380   7.132321e-04   4.872222e-04   1.274153e-04   2.810826e-04 
     Iteration     Continuity     X-momentum     Y-momentum     Z-momentum 
           381   7.125995e-04   4.842189e-04   1.316994e-04   2.771655e-04 
           382   7.106665e-04   4.792159e-04   1.311483e-04   2.790657e-04 
           383   7.087788e-04   4.806143e-04   1.352933e-04   2.830172e-04 
           384   7.072323e-04   4.887786e-04   1.311814e-04   2.806302e-04 
           385   7.125935e-04   4.962836e-04   1.301760e-04   2.817160e-04 
           386   7.290330e-04   5.004989e-04   1.286552e-04   2.820004e-04 
           387   7.485050e-04   4.988712e-04   1.300475e-04   2.859021e-04 
           388   7.706958e-04   4.957126e-04   1.281699e-04   2.879599e-04 
           389   7.902011e-04   4.929828e-04   1.350370e-04   2.927205e-04 
           390   8.046113e-04   4.872290e-04   1.425220e-04   2.964611e-04 
     Iteration     Continuity     X-momentum     Y-momentum     Z-momentum 
           391   8.082298e-04   4.777891e-04   1.477643e-04   2.991056e-04 
           392   8.006936e-04   4.653189e-04   1.507045e-04   3.021705e-04 
           393   7.742853e-04   4.568691e-04   1.508814e-04   3.012509e-04 
           394   7.360929e-04   4.570423e-04   1.498477e-04   2.999692e-04 
           395   6.967839e-04   4.705304e-04   1.457276e-04   2.983882e-04 
           396   6.692852e-04   4.873488e-04   1.335318e-04   2.909729e-04 
           397   6.635135e-04   5.045208e-04   1.244764e-04   2.791867e-04 
           398   6.820663e-04   5.228689e-04   1.213813e-04   2.696438e-04 
           399   7.185178e-04   5.374776e-04   1.328718e-04   2.670592e-04 
           400   7.688308e-04   5.514876e-04   1.296907e-04   2.708847e-04 
     Iteration     Continuity     X-momentum     Y-momentum     Z-momentum 
           401   8.173374e-04   5.588923e-04   1.339435e-04   2.775935e-04 
           402   8.509476e-04   5.568964e-04   1.417892e-04   2.872698e-04 
           403   8.653738e-04   5.498086e-04   1.479020e-04   3.022069e-04 
           404   8.600500e-04   5.421977e-04   1.493505e-04   3.194554e-04 
           405   8.379511e-04   5.334429e-04   1.494531e-04   3.309650e-04 
           406   8.094265e-04   5.279157e-04   1.545721e-04   3.382255e-04 
           407   8.001255e-04   5.336568e-04   1.585578e-04   3.342553e-04 
           408   8.053831e-04   5.295170e-04   1.570085e-04   3.250708e-04 
           409   8.044581e-04   5.216622e-04   1.611363e-04   3.142870e-04 
           410   7.886917e-04   5.148457e-04   1.600960e-04   3.071590e-04 
     Iteration     Continuity     X-momentum     Y-momentum     Z-momentum 
           411   7.693311e-04   5.125831e-04   1.523097e-04   3.033846e-04 
           412   7.512739e-04   5.137157e-04   1.445377e-04   3.033529e-04 
           413   7.443837e-04   5.112560e-04   1.313891e-04   2.963868e-04 
           414   7.483455e-04   5.103312e-04   1.342684e-04   2.915856e-04 
           415   7.479314e-04   5.043618e-04   1.377023e-04   2.918069e-04 
           416   7.526539e-04   5.107635e-04   1.430071e-04   2.926958e-04 
           417   7.506153e-04   5.217154e-04   1.387262e-04   2.867497e-04 
           418   7.532799e-04   5.334535e-04   1.367797e-04   2.855117e-04 
           419   7.728818e-04   5.465177e-04   1.337297e-04   2.948261e-04 
           420   8.030453e-04   5.507322e-04   1.361798e-04   3.016859e-04 
     Iteration     Continuity     X-momentum     Y-momentum     Z-momentum 
           421   8.365142e-04   5.446994e-04   1.367719e-04   3.081873e-04 
           422   8.599766e-04   5.335937e-04   1.445297e-04   3.142664e-04 
           423   8.716547e-04   5.247939e-04   1.539574e-04   3.216572e-04 
           424   8.684988e-04   5.125929e-04   1.598407e-04   3.215401e-04 
           425   8.544343e-04   5.000704e-04   1.623168e-04   3.228515e-04 
           426   8.244614e-04   4.903894e-04   1.624841e-04   3.219649e-04 
           427   7.833896e-04   4.894913e-04   1.574982e-04   3.236947e-04 
           428   7.404317e-04   5.037655e-04   1.574203e-04   3.191321e-04 
           429   7.115411e-04   5.234549e-04   1.418663e-04   3.100291e-04 
           430   7.079727e-04   5.463338e-04   1.383699e-04   2.984104e-04 
     Iteration     Continuity     X-momentum     Y-momentum     Z-momentum 
           431   7.334657e-04   5.668703e-04   1.318645e-04   2.917392e-04 
           432   7.758550e-04   5.821899e-04   1.430120e-04   2.844096e-04 
           433   8.289493e-04   5.954038e-04   1.407241e-04   2.904308e-04 
           434   8.780715e-04   6.007403e-04   1.450271e-04   2.968088e-04 
           435   9.118945e-04   5.974167e-04   1.511810e-04   3.110210e-04 
           436   9.253849e-04   5.908153e-04   1.580379e-04   3.276806e-04 
           437   9.193628e-04   5.832502e-04   1.616882e-04   3.449488e-04 
           438   8.815036e-04   5.623394e-04   1.614101e-04   3.571297e-04 
           439   8.510225e-04   5.629161e-04   1.756003e-04   3.626067e-04 
           440   8.429168e-04   5.675534e-04   1.666421e-04   3.553860e-04 
     Iteration     Continuity     X-momentum     Y-momentum     Z-momentum 
           441   8.491165e-04   5.613131e-04   1.648607e-04   3.413447e-04 
           442   8.472972e-04   5.492863e-04   1.713060e-04   3.322854e-04 
           443   8.298089e-04   5.403909e-04   1.706303e-04   3.250365e-04 
           444   8.084749e-04   5.364796e-04   1.608866e-04   3.204357e-04 
           445   7.899156e-04   5.362735e-04   1.513676e-04   3.204678e-04 
           446   7.850966e-04   5.353792e-04   1.381291e-04   3.128151e-04 
           447   7.875555e-04   5.335027e-04   1.365811e-04   3.081985e-04 
           448   7.963439e-04   5.352546e-04   1.435857e-04   3.075399e-04 
           449   8.019796e-04   5.451645e-04   1.519816e-04   3.073028e-04 
           450   7.976099e-04   5.598334e-04   1.496703e-04   3.001210e-04 
     Iteration     Continuity     X-momentum     Y-momentum     Z-momentum 
           451   7.981978e-04   5.754423e-04   1.471104e-04   3.004526e-04 
           452   8.193368e-04   5.925006e-04   1.431335e-04   3.128789e-04 
           453   8.575806e-04   6.049381e-04   1.434101e-04   3.224339e-04 
           454   9.001113e-04   5.985484e-04   1.486465e-04   3.342728e-04 
           455   9.302193e-04   5.784059e-04   1.560349e-04   3.389328e-04 
           456   9.355707e-04   5.585755e-04   1.653255e-04   3.455416e-04 
           457   9.295307e-04   5.464509e-04   1.722000e-04   3.448405e-04 
           458   9.118763e-04   5.333651e-04   1.737703e-04   3.462461e-04 
           459   8.765888e-04   5.254437e-04   1.733409e-04   3.468257e-04 
           460   8.320758e-04   5.273422e-04   1.683464e-04   3.505313e-04 
     Iteration     Continuity     X-momentum     Y-momentum     Z-momentum 
           461   7.866097e-04   5.457121e-04   1.689216e-04   3.423890e-04 
           462   7.593448e-04   5.667439e-04   1.525365e-04   3.320043e-04 
           463   7.598839e-04   5.901566e-04   1.482502e-04   3.199961e-04 
           464   7.890647e-04   6.095086e-04   1.427113e-04   3.130574e-04 
           465   8.354726e-04   6.248596e-04   1.538627e-04   3.057399e-04 
           466   8.913976e-04   6.376675e-04   1.518255e-04   3.125295e-04 
           467   9.439252e-04   6.420921e-04   1.545417e-04   3.211927e-04 
           468   9.777056e-04   6.377469e-04   1.655384e-04   3.351633e-04 
           469   9.881544e-04   6.295989e-04   1.699109e-04   3.534954e-04 
           470   9.598309e-04   6.028827e-04   1.733441e-04   3.712555e-04 
     Iteration     Continuity     X-momentum     Y-momentum     Z-momentum 
           471   9.170553e-04   5.902086e-04   1.743183e-04   3.804273e-04 
           472   8.861471e-04   5.923554e-04   1.910128e-04   3.813714e-04 
           473   8.787680e-04   5.965727e-04   1.772327e-04   3.722594e-04 
           474   8.871021e-04   5.889363e-04   1.736288e-04   3.575355e-04 
           475   8.857924e-04   5.763955e-04   1.823405e-04   3.490441e-04 
           476   8.706041e-04   5.673052e-04   1.788442e-04   3.412882e-04 
           477   8.508195e-04   5.617190e-04   1.667102e-04   3.376744e-04 
           478   8.335043e-04   5.585375e-04   1.563699e-04   3.367538e-04 
           479   8.304477e-04   5.558162e-04   1.442874e-04   3.290683e-04 
           480   8.358109e-04   5.568201e-04   1.426147e-04   3.250280e-04 
     Iteration     Continuity     X-momentum     Y-momentum     Z-momentum 
           481   8.416253e-04   5.597811e-04   1.503277e-04   3.243331e-04 
           482   8.407041e-04   5.728195e-04   1.614098e-04   3.230115e-04 
           483   8.322246e-04   5.917741e-04   1.591762e-04   3.161140e-04 
           484   8.327516e-04   6.106814e-04   1.557671e-04   3.179842e-04 
           485   8.591812e-04   6.286942e-04   1.499333e-04   3.312016e-04 
           486   9.033825e-04   6.410610e-04   1.571889e-04   3.392072e-04 
           487   9.519507e-04   6.332560e-04   1.580933e-04   3.518305e-04 
           488   9.828007e-04   6.056428e-04   1.652598e-04   3.577746e-04 
           489   9.873967e-04   5.841061e-04   1.742575e-04   3.641163e-04 
           490   9.792926e-04   5.722501e-04   1.810622e-04   3.634289e-04 
     Iteration     Continuity     X-momentum     Y-momentum     Z-momentum 
           491   9.591754e-04   5.600451e-04   1.827620e-04   3.658604e-04 
           492   9.205336e-04   5.541067e-04   1.821100e-04   3.679127e-04 
           493   8.705475e-04   5.593852e-04   1.770969e-04   3.715805e-04 
           494   8.250446e-04   5.805050e-04   1.749830e-04   3.613852e-04 
           495   8.000768e-04   6.024615e-04   1.611312e-04   3.491680e-04 
           496   8.041219e-04   6.246732e-04   1.545322e-04   3.363003e-04 
           497   8.361975e-04   6.441251e-04   1.497643e-04   3.287282e-04 
           498   8.875237e-04   6.611424e-04   1.628903e-04   3.234828e-04 
           499   9.482956e-04   6.747152e-04   1.601005e-04   3.308329e-04 
           500   1.006131e-03   6.790611e-04   1.631704e-04   3.410720e-04 
     Iteration     Continuity     X-momentum     Y-momentum     Z-momentum 
           501   1.035992e-03   6.721408e-04   1.800439e-04   3.557401e-04 
           502   1.041096e-03   6.615456e-04   1.804320e-04   3.754810e-04 
           503   9.976860e-04   6.268301e-04   1.826895e-04   3.922560e-04 
           504   9.522334e-04   6.174742e-04   1.840434e-04   3.992741e-04 
           505   9.207801e-04   6.172256e-04   2.040968e-04   3.975680e-04 
           506   9.135444e-04   6.223828e-04   1.862577e-04   3.891237e-04 
           507   9.238062e-04   6.157382e-04   1.822863e-04   3.731647e-04 
           508   9.240877e-04   6.052186e-04   1.938980e-04   3.637424e-04 
           509   9.112774e-04   5.953845e-04   1.853771e-04   3.560375e-04 
           510   8.863304e-04   5.870759e-04   1.716768e-04   3.535901e-04 
     Iteration     Continuity     X-momentum     Y-momentum     Z-momentum 
           511   8.721414e-04   5.787415e-04   1.607266e-04   3.496591e-04 
           512   8.701221e-04   5.724498e-04   1.478121e-04   3.436501e-04 
           513   8.736248e-04   5.726257e-04   1.483183e-04   3.385537e-04 
           514   8.756119e-04   5.765109e-04   1.591185e-04   3.381495e-04 
           515   8.689629e-04   5.917202e-04   1.680601e-04   3.344335e-04 
           516   8.575575e-04   6.128122e-04   1.656187e-04   3.271995e-04 
           517   8.588292e-04   6.329726e-04   1.620259e-04   3.297613e-04 
           518   8.879993e-04   6.501248e-04   1.548855e-04   3.426826e-04 
           519   9.354042e-04   6.613276e-04   1.641775e-04   3.498707e-04 
           520   9.864867e-04   6.535951e-04   1.651729e-04   3.630618e-04 
     Iteration     Continuity     X-momentum     Y-momentum     Z-momentum 
           521   1.018934e-03   6.245806e-04   1.713532e-04   3.691994e-04 
           522   1.023368e-03   6.013450e-04   1.801357e-04   3.759686e-04 
           523   1.014054e-03   5.888996e-04   1.872450e-04   3.755324e-04 
           524   9.907319e-04   5.767157e-04   1.886975e-04   3.786898e-04 
           525   9.444131e-04   5.704192e-04   1.877750e-04   3.812240e-04 
           526   8.931111e-04   5.774912e-04   1.823600e-04   3.832302e-04 
           527   8.472128e-04   5.995997e-04   1.790340e-04   3.719118e-04 
           528   8.233934e-04   6.219573e-04   1.656380e-04   3.585962e-04 
           529   8.307676e-04   6.453675e-04   1.579745e-04   3.456109e-04 
           530   8.648506e-04   6.639551e-04   1.529111e-04   3.381895e-04 
     Iteration     Continuity     X-momentum     Y-momentum     Z-momentum 
           531   9.202006e-04   6.829958e-04   1.674544e-04   3.339037e-04 
           532   9.838524e-04   6.971280e-04   1.649583e-04   3.410475e-04 
           533   1.043816e-03   7.008681e-04   1.685039e-04   3.509320e-04 
           534   1.066356e-03   6.902837e-04   1.872681e-04   3.679811e-04 
           535   1.067979e-03   6.756630e-04   1.859642e-04   3.878631e-04 
           536   1.022959e-03   6.422380e-04   1.875808e-04   4.039700e-04 
           537   9.752166e-04   6.328422e-04   1.894949e-04   4.102818e-04 
           538   9.443607e-04   6.336945e-04   2.058908e-04   4.088313e-04 
           539   9.366883e-04   6.368217e-04   1.916757e-04   3.991024e-04 
           540   9.476474e-04   6.316900e-04   1.881103e-04   3.821431e-04 
     Iteration     Continuity     X-momentum     Y-momentum     Z-momentum 
           541   9.478225e-04   6.222179e-04   1.989058e-04   3.722392e-04 
           542   9.283800e-04   6.101371e-04   1.892695e-04   3.651686e-04 
           543   9.046580e-04   6.016680e-04   1.743235e-04   3.617081e-04 
           544   8.935722e-04   5.896350e-04   1.629727e-04   3.566908e-04 
           545   8.915647e-04   5.815162e-04   1.509506e-04   3.523247e-04 
           546   8.941517e-04   5.810062e-04   1.520003e-04   3.455712e-04 
           547   8.943592e-04   5.857902e-04   1.641989e-04   3.445812e-04 
           548   8.850518e-04   6.024227e-04   1.721020e-04   3.398221e-04 
           549   8.725992e-04   6.246919e-04   1.692079e-04   3.325912e-04 
           550   8.742719e-04   6.455925e-04   1.653918e-04   3.357105e-04 
     Iteration     Continuity     X-momentum     Y-momentum     Z-momentum 
           551   9.042696e-04   6.627082e-04   1.575798e-04   3.486667e-04 
           552   9.531286e-04   6.735691e-04   1.655701e-04   3.561957e-04 
           553   1.006525e-03   6.691467e-04   1.690726e-04   3.707642e-04 
           554   1.041389e-03   6.382890e-04   1.759772e-04   3.771980e-04 
           555   1.045489e-03   6.118626e-04   1.838716e-04   3.836059e-04 
           556   1.035105e-03   5.984054e-04   1.910939e-04   3.836447e-04 
           557   1.008917e-03   5.860224e-04   1.923500e-04   3.866764e-04 
           558   9.575408e-04   5.797999e-04   1.910649e-04   3.891950e-04 
           559   9.055630e-04   5.873637e-04   1.846043e-04   3.898469e-04 
           560   8.594124e-04   6.097852e-04   1.821173e-04   3.782558e-04 
     Iteration     Continuity     X-momentum     Y-momentum     Z-momentum 
           561   8.358693e-04   6.330762e-04   1.681991e-04   3.646857e-04 
           562   8.452723e-04   6.570446e-04   1.587706e-04   3.518124e-04 
           563   8.808464e-04   6.753589e-04   1.544044e-04   3.437126e-04 
           564   9.377600e-04   6.948625e-04   1.699301e-04   3.396875e-04 
           565   1.002193e-03   7.088626e-04   1.680035e-04   3.463412e-04 
           566   1.062020e-03   7.121081e-04   1.713205e-04   3.558556e-04 
           567   1.081725e-03   6.999709e-04   1.900185e-04   3.747611e-04 
           568   1.082972e-03   6.851797e-04   1.889605e-04   3.945335e-04 
           569   1.036843e-03   6.504708e-04   1.900474e-04   4.105264e-04 
           570   9.878220e-04   6.413013e-04   1.936333e-04   4.171732e-04 
     Iteration     Continuity     X-momentum     Y-momentum     Z-momentum 
           571   9.568953e-04   6.425802e-04   2.059152e-04   4.155534e-04 
           572   9.489782e-04   6.448387e-04   1.941706e-04   4.046610e-04 
           573   9.600407e-04   6.403622e-04   1.911007e-04   3.870132e-04 
           574   9.604844e-04   6.309633e-04   2.011711e-04   3.772471e-04 
           575   9.380203e-04   6.179846e-04   1.918854e-04   3.706209e-04 
           576   9.145487e-04   6.087835e-04   1.763074e-04   3.662569e-04 
           577   9.042022e-04   5.952850e-04   1.644954e-04   3.608756e-04 
           578   9.021820e-04   5.868706e-04   1.532137e-04   3.570157e-04 
           579   9.053385e-04   5.865483e-04   1.541962e-04   3.495382e-04 
           580   9.052953e-04   5.917036e-04   1.665607e-04   3.478525e-04 
     Iteration     Continuity     X-momentum     Y-momentum     Z-momentum 
           581   8.951488e-04   6.089217e-04   1.745046e-04   3.431905e-04 
           582   8.821687e-04   6.319313e-04   1.714253e-04   3.361356e-04 
           583   8.835144e-04   6.536175e-04   1.675616e-04   3.394561e-04 
           584   9.133506e-04   6.712394e-04   1.594880e-04   3.526822e-04 
           585   9.628823e-04   6.822631e-04   1.658513e-04   3.603771e-04 
           586   1.018133e-03   6.805880e-04   1.712433e-04   3.759236e-04 
           587   1.054708e-03   6.480550e-04   1.787421e-04   3.818587e-04 
           588   1.058817e-03   6.189266e-04   1.862310e-04   3.882021e-04 
           589   1.048098e-03   6.048496e-04   1.933260e-04   3.888482e-04 
           590   1.020750e-03   5.922809e-04   1.945486e-04   3.916608e-04 
     Iteration     Continuity     X-momentum     Y-momentum     Z-momentum 
           591   9.674255e-04   5.861222e-04   1.931710e-04   3.942669e-04 
           592   9.151625e-04   5.936556e-04   1.861437e-04   3.944346e-04 
           593   8.686158e-04   6.162067e-04   1.846313e-04   3.828453e-04 
           594   8.446144e-04   6.403696e-04   1.705810e-04   3.691698e-04 
           595   8.543511e-04   6.645738e-04   1.601380e-04   3.561997e-04 
           596   8.903074e-04   6.825901e-04   1.556542e-04   3.477064e-04 
           597   9.474067e-04   7.021791e-04   1.722332e-04   3.434864e-04 
           598   1.012254e-03   7.162332e-04   1.700188e-04   3.499835e-04 
           599   1.071732e-03   7.192947e-04   1.731400e-04   3.593583e-04 
           600   1.091935e-03   7.069006e-04   1.913014e-04   3.786689e-04 
     Iteration     Continuity     X-momentum     Y-momentum     Z-momentum 
           601   1.093095e-03   6.912769e-04   1.910012e-04   3.985374e-04 
           602   1.046480e-03   6.558987e-04   1.920617e-04   4.145296e-04 
           603   9.965847e-04   6.467087e-04   1.955482e-04   4.211334e-04 
           604   9.646910e-04   6.482884e-04   2.079160e-04   4.197818e-04 
           605   9.558932e-04   6.497980e-04   1.959037e-04   4.086507e-04 
           606   9.669365e-04   6.459349e-04   1.926129e-04   3.904528e-04 
           607   9.684399e-04   6.367737e-04   2.028581e-04   3.806588e-04 
           608   9.447069e-04   6.232556e-04   1.938443e-04   3.741344e-04 
           609   9.216469e-04   6.135773e-04   1.781159e-04   3.691791e-04 
           610   9.115967e-04   5.993241e-04   1.657940e-04   3.637979e-04 
     Iteration     Continuity     X-momentum     Y-momentum     Z-momentum 
           611   9.097042e-04   5.903779e-04   1.541552e-04   3.597290e-04 
           612   9.132333e-04   5.901170e-04   1.551618e-04   3.521874e-04 
           613   9.127913e-04   5.951305e-04   1.678083e-04   3.504450e-04 
           614   9.019242e-04   6.124766e-04   1.762079e-04   3.459756e-04 
           615   8.880688e-04   6.360894e-04   1.729295e-04   3.388348e-04 
           616   8.885692e-04   6.584331e-04   1.690877e-04   3.418639e-04 
           617   9.178766e-04   6.764464e-04   1.609699e-04   3.553859e-04 
           618   9.677168e-04   6.875907e-04   1.663739e-04   3.629080e-04 
           619   1.024014e-03   6.873019e-04   1.723707e-04   3.785793e-04 
           620   1.062011e-03   6.540057e-04   1.799598e-04   3.841762e-04 
     Iteration     Continuity     X-momentum     Y-momentum     Z-momentum 
           621   1.066681e-03   6.234436e-04   1.873805e-04   3.908801e-04 
           622   1.056112e-03   6.092118e-04   1.945019e-04   3.916269e-04 
           623   1.028905e-03   5.964760e-04   1.958684e-04   3.946785e-04 
           624   9.751119e-04   5.900461e-04   1.944867e-04   3.972963e-04 
           625   9.226529e-04   5.972756e-04   1.873391e-04   3.975469e-04 
           626   8.754670e-04   6.197238e-04   1.863916e-04   3.859825e-04 
           627   8.505857e-04   6.442258e-04   1.723921e-04   3.721847e-04 
           628   8.595193e-04   6.686370e-04   1.619653e-04   3.589292e-04 
           629   8.949205e-04   6.862263e-04   1.565295e-04   3.502960e-04 
           630   9.516036e-04   7.060747e-04   1.741453e-04   3.456661e-04 
     Iteration     Continuity     X-momentum     Y-momentum     Z-momentum 
           631   1.016995e-03   7.205833e-04   1.711070e-04   3.521370e-04 
           632   1.077127e-03   7.241694e-04   1.741866e-04   3.615780e-04 
           633   1.098623e-03   7.117103e-04   1.917994e-04   3.802792e-04 
           634   1.100232e-03   6.954450e-04   1.924088e-04   4.005474e-04 
           635   1.053778e-03   6.594743e-04   1.936333e-04   4.168178e-04 
           636   1.003220e-03   6.498929e-04   1.963402e-04   4.231672e-04 
           637   9.700698e-04   6.516251e-04   2.102397e-04   4.225000e-04 
           638   9.598871e-04   6.524464e-04   1.967663e-04   4.116391e-04 
           639   9.706748e-04   6.494911e-04   1.931603e-04   3.930301e-04 
           640   9.735465e-04   6.409755e-04   2.040366e-04   3.828971e-04 
     Iteration     Continuity     X-momentum     Y-momentum     Z-momentum 
           641   9.495400e-04   6.272558e-04   1.951884e-04   3.762951e-04 
           642   9.269309e-04   6.174690e-04   1.795525e-04   3.710767e-04 
           643   9.171801e-04   6.026803e-04   1.669956e-04   3.657431e-04 
           644   9.154995e-04   5.927456e-04   1.543126e-04   3.614873e-04 
           645   9.188354e-04   5.921349e-04   1.553369e-04   3.540262e-04 
           646   9.178033e-04   5.966663e-04   1.682842e-04   3.523881e-04 
           647   9.063644e-04   6.138330e-04   1.773551e-04   3.482158e-04 
           648   8.915938e-04   6.378036e-04   1.738456e-04   3.407423e-04 
           649   8.909216e-04   6.605718e-04   1.701093e-04   3.431345e-04 
           650   9.192960e-04   6.788354e-04   1.620553e-04   3.567774e-04 
     Iteration     Continuity     X-momentum     Y-momentum     Z-momentum 
           651   9.691079e-04   6.900301e-04   1.663133e-04   3.640627e-04 
           652   1.025854e-03   6.908245e-04   1.727141e-04   3.794643e-04 
           653   1.065350e-03   6.576612e-04   1.802521e-04   3.846552e-04 
           654   1.070972e-03   6.262739e-04   1.876930e-04   3.921483e-04 
           655   1.060863e-03   6.121513e-04   1.949473e-04   3.927543e-04 
           656   1.034584e-03   5.991793e-04   1.966451e-04   3.962862e-04 
           657   9.810185e-04   5.921581e-04   1.952494e-04   3.987935e-04 
           658   9.284328e-04   5.987404e-04   1.881070e-04   3.994438e-04 
           659   8.804663e-04   6.207587e-04   1.877193e-04   3.879749e-04 
           660   8.543162e-04   6.452821e-04   1.737365e-04   3.741130e-04 
     Iteration     Continuity     X-momentum     Y-momentum     Z-momentum 
           661   8.617141e-04   6.699440e-04   1.639742e-04   3.605925e-04 
           662   8.959805e-04   6.871818e-04   1.571973e-04   3.518747e-04 
           663   9.518315e-04   7.074486e-04   1.753771e-04   3.465635e-04 
           664   1.017688e-03   7.226529e-04   1.715359e-04   3.530401e-04 
           665   1.079137e-03   7.272862e-04   1.746469e-04   3.625718e-04 
           666   1.102171e-03   7.147873e-04   1.913848e-04   3.802490e-04 
           667   1.105425e-03   6.992475e-04   1.933616e-04   4.011204e-04 
           668   1.059553e-03   6.617609e-04   1.946291e-04   4.178614e-04 
           669   1.008600e-03   6.516380e-04   1.961753e-04   4.242008e-04 
           670   9.738599e-04   6.532995e-04   2.120162e-04   4.244826e-04 
     Iteration     Continuity     X-momentum     Y-momentum     Z-momentum 
           671   9.621675e-04   6.535996e-04   1.968279e-04   4.137921e-04 
           672   9.723218e-04   6.516530e-04   1.931660e-04   3.949596e-04 
           673   9.766041e-04   6.438441e-04   2.044820e-04   3.843509e-04 
           674   9.530139e-04   6.300874e-04   1.961690e-04   3.775919e-04 
           675   9.305855e-04   6.204484e-04   1.807562e-04   3.722130e-04 
           676   9.210415e-04   6.053122e-04   1.682205e-04   3.671170e-04 
           677   9.194252e-04   5.944040e-04   1.543344e-04   3.625050e-04 
           678   9.224055e-04   5.932456e-04   1.552004e-04   3.554113e-04 
           679   9.210424e-04   5.971734e-04   1.682435e-04   3.536653e-04 
           680   9.094378e-04   6.139100e-04   1.780067e-04   3.498575e-04 
     Iteration     Continuity     X-momentum     Y-momentum     Z-momentum 
           681   8.939266e-04   6.380246e-04   1.743792e-04   3.420154e-04 
           682   8.918942e-04   6.610875e-04   1.708280e-04   3.434567e-04 
           683   9.189063e-04   6.796196e-04   1.628685e-04   3.572506e-04 
           684   9.684052e-04   6.908906e-04   1.652881e-04   3.643529e-04 
           685   1.025313e-03   6.931790e-04   1.726480e-04   3.794417e-04 
           686   1.066564e-03   6.605863e-04   1.803218e-04   3.841998e-04 
           687   1.073314e-03   6.283137e-04   1.875342e-04   3.927643e-04 
           688   1.063872e-03   6.142190e-04   1.949308e-04   3.931655e-04 
           689   1.038796e-03   6.010241e-04   1.970422e-04   3.971468e-04 
           690   9.858501e-04   5.932873e-04   1.956684e-04   3.992362e-04 
     Iteration     Continuity     X-momentum     Y-momentum     Z-momentum 
           691   9.332473e-04   5.989760e-04   1.885908e-04   4.005503e-04 
           692   8.844757e-04   6.203244e-04   1.890208e-04   3.892756e-04 
           693   8.568211e-04   6.448447e-04   1.748965e-04   3.754943e-04 
           694   8.622153e-04   6.696889e-04   1.660743e-04   3.618816e-04 
           695   8.951104e-04   6.866991e-04   1.580608e-04   3.529693e-04 
           696   9.497145e-04   7.073444e-04   1.759192e-04   3.467325e-04 
           697   1.015830e-03   7.232769e-04   1.716260e-04   3.532784e-04 
           698   1.078663e-03   7.291920e-04   1.747443e-04   3.626518e-04 
           699   1.103570e-03   7.168217e-04   1.900976e-04   3.793159e-04 
           700   1.109484e-03   7.034418e-04   1.940631e-04   4.008153e-04 
     Iteration     Continuity     X-momentum     Y-momentum     Z-momentum 
           701   1.064391e-03   6.634378e-04   1.950532e-04   4.180967e-04 
           702   1.013352e-03   6.525425e-04   1.955935e-04   4.247265e-04 
           703   9.767621e-04   6.539859e-04   2.134849e-04   4.262155e-04 
           704   9.633571e-04   6.539155e-04   1.965567e-04   4.153078e-04 
           705   9.725852e-04   6.529477e-04   1.928546e-04   3.965849e-04 
           706   9.782485e-04   6.456969e-04   2.043622e-04   3.854569e-04 
           707   9.556723e-04   6.319587e-04   1.970777e-04   3.784736e-04 
           708   9.333383e-04   6.223119e-04   1.819111e-04   3.728681e-04 
           709   9.232884e-04   6.071318e-04   1.694384e-04   3.679601e-04 
           710   9.215207e-04   5.954771e-04   1.543041e-04   3.628992e-04 
     Iteration     Continuity     X-momentum     Y-momentum     Z-momentum 
           711   9.240334e-04   5.937329e-04   1.549641e-04   3.563039e-04 
           712   9.228587e-04   5.970861e-04   1.678876e-04   3.543696e-04 
           713   9.115843e-04   6.131893e-04   1.782337e-04   3.509726e-04 
           714   8.956189e-04   6.372344e-04   1.746384e-04   3.427888e-04 
           715   8.921058e-04   6.604928e-04   1.713252e-04   3.432326e-04 
           716   9.174164e-04   6.793385e-04   1.635410e-04   3.572027e-04 
           717   9.663679e-04   6.907549e-04   1.634923e-04   3.641347e-04 
           718   1.023232e-03   6.948503e-04   1.723976e-04   3.789156e-04 
           719   1.066277e-03   6.631067e-04   1.801739e-04   3.833353e-04 
           720   1.074500e-03   6.302254e-04   1.871099e-04   3.930239e-04 
     Iteration     Continuity     X-momentum     Y-momentum     Z-momentum 
           721   1.065776e-03   6.156422e-04   1.947131e-04   3.932490e-04 
           722   1.042021e-03   6.022442e-04   1.972305e-04   3.975189e-04 
           723   9.899598e-04   5.937910e-04   1.958534e-04   3.991172e-04 
           724   9.374299e-04   5.984552e-04   1.888899e-04   4.012429e-04 
           725   8.879069e-04   6.190011e-04   1.902967e-04   3.902007e-04 
           726   8.585748e-04   6.439440e-04   1.759594e-04   3.766158e-04 
           727   8.617803e-04   6.686718e-04   1.674352e-04   3.630068e-04 
           728   8.931695e-04   6.855687e-04   1.589453e-04   3.538982e-04 
           729   9.465736e-04   7.064450e-04   1.749479e-04   3.468052e-04 
           730   1.012700e-03   7.230349e-04   1.714136e-04   3.534101e-04 
     Iteration     Continuity     X-momentum     Y-momentum     Z-momentum 
           731   1.076047e-03   7.298975e-04   1.747195e-04   3.621181e-04 
           732   1.103670e-03   7.180753e-04   1.882329e-04   3.779780e-04 
           733   1.111552e-03   7.060043e-04   1.945552e-04   4.000202e-04 
           734   1.068430e-03   6.646533e-04   1.953122e-04   4.177460e-04 
           735   1.017486e-03   6.528544e-04   1.949915e-04   4.247917e-04 
           736   9.787897e-04   6.540767e-04   2.146623e-04   4.266428e-04 
           737   9.635189e-04   6.537591e-04   1.961023e-04   4.164186e-04 
           738   9.717632e-04   6.538400e-04   1.924567e-04   3.980300e-04 
           739   9.790366e-04   6.471028e-04   2.037760e-04   3.862149e-04 
           740   9.578703e-04   6.332968e-04   1.978838e-04   3.790257e-04 
     Iteration     Continuity     X-momentum     Y-momentum     Z-momentum 
           741   9.356401e-04   6.234625e-04   1.831817e-04   3.730907e-04 
           742   9.247689e-04   6.084497e-04   1.706827e-04   3.686362e-04 
           743   9.227156e-04   5.960943e-04   1.542032e-04   3.628918e-04 
           744   9.246060e-04   5.937339e-04   1.549131e-04   3.569863e-04 
           745   9.239031e-04   5.965951e-04   1.674907e-04   3.547669e-04 
           746   9.132125e-04   6.120055e-04   1.781762e-04   3.518088e-04 
           747   8.969901e-04   6.359193e-04   1.748538e-04   3.433650e-04 
           748   8.919629e-04   6.593853e-04   1.717540e-04   3.428060e-04 
           749   9.154788e-04   6.786905e-04   1.642514e-04   3.571116e-04 
           750   9.637160e-04   6.902949e-04   1.614851e-04   3.638064e-04 
     Iteration     Continuity     X-momentum     Y-momentum     Z-momentum 
           751   1.020482e-03   6.963542e-04   1.722988e-04   3.781908e-04 
           752   1.065396e-03   6.656796e-04   1.799679e-04   3.825892e-04 
           753   1.075508e-03   6.324680e-04   1.865682e-04   3.931295e-04 
           754   1.067529e-03   6.168950e-04   1.944469e-04   3.933561e-04 
           755   1.045164e-03   6.032799e-04   1.973946e-04   3.977347e-04 
           756   9.940821e-04   5.941275e-04   1.960427e-04   3.988680e-04 
           757   9.414313e-04   5.976361e-04   1.893702e-04   4.014819e-04 
           758   8.910951e-04   6.173224e-04   1.915547e-04   3.911772e-04 
           759   8.599616e-04   6.426797e-04   1.770427e-04   3.777690e-04 
           760   8.609450e-04   6.672150e-04   1.689054e-04   3.640837e-04 
     Iteration     Continuity     X-momentum     Y-momentum     Z-momentum 
           761   8.908312e-04   6.841797e-04   1.603435e-04   3.545620e-04 
           762   9.432233e-04   7.050863e-04   1.732057e-04   3.468858e-04 
           763   1.009220e-03   7.222496e-04   1.712739e-04   3.533487e-04 
           764   1.072939e-03   7.299984e-04   1.746079e-04   3.617561e-04 
           765   1.103247e-03   7.188225e-04   1.863081e-04   3.767154e-04 
           766   1.111948e-03   7.067779e-04   1.950234e-04   3.991534e-04 
           767   1.072214e-03   6.658985e-04   1.955931e-04   4.168468e-04 
           768   1.021349e-03   6.534784e-04   1.948294e-04   4.247114e-04 
           769   9.807566e-04   6.542691e-04   2.146330e-04   4.268501e-04 
           770   9.638415e-04   6.534927e-04   1.953080e-04   4.177275e-04 
     Iteration     Continuity     X-momentum     Y-momentum     Z-momentum 
           771   9.710385e-04   6.546226e-04   1.922985e-04   3.997695e-04 
           772   9.794997e-04   6.484459e-04   2.028743e-04   3.868777e-04 
           773   9.599082e-04   6.346060e-04   1.986098e-04   3.795757e-04 
           774   9.376609e-04   6.246176e-04   1.844977e-04   3.731313e-04 
           775   9.260500e-04   6.098120e-04   1.719459e-04   3.693227e-04 
           776   9.233754e-04   5.968211e-04   1.542346e-04   3.629547e-04 
           777   9.250124e-04   5.936517e-04   1.551938e-04   3.579885e-04 
           778   9.248223e-04   5.958372e-04   1.674130e-04   3.553501e-04 
           779   9.147137e-04   6.104561e-04   1.779447e-04   3.526132e-04 
           780   8.981523e-04   6.342010e-04   1.751416e-04   3.439431e-04 
     Iteration     Continuity     X-momentum     Y-momentum     Z-momentum 
           781   8.915354e-04   6.579142e-04   1.722054e-04   3.423541e-04 
           782   9.132170e-04   6.777909e-04   1.649962e-04   3.569663e-04 
           783   9.605909e-04   6.896339e-04   1.599922e-04   3.634290e-04 
           784   1.017197e-03   6.975757e-04   1.725645e-04   3.773808e-04 
           785   1.064087e-03   6.681280e-04   1.796597e-04   3.820285e-04 
           786   1.076170e-03   6.346104e-04   1.859648e-04   3.929119e-04 
           787   1.068991e-03   6.179995e-04   1.941735e-04   3.933275e-04 
           788   1.047952e-03   6.041629e-04   1.975150e-04   3.977706e-04 
           789   9.979591e-04   5.943415e-04   1.962282e-04   3.985859e-04 
           790   9.450203e-04   5.966695e-04   1.900719e-04   4.013655e-04 
     Iteration     Continuity     X-momentum     Y-momentum     Z-momentum 
           791   8.939526e-04   6.153748e-04   1.923530e-04   3.921007e-04 
           792   8.610114e-04   6.410830e-04   1.779400e-04   3.787405e-04 
           793   8.598430e-04   6.654139e-04   1.704330e-04   3.648953e-04 
           794   8.880988e-04   6.830188e-04   1.612314e-04   3.549120e-04 
           795   9.395877e-04   7.039437e-04   1.717124e-04   3.466912e-04 
           796   1.005312e-03   7.215022e-04   1.709892e-04   3.528507e-04 
           797   1.069442e-03   7.299291e-04   1.745845e-04   3.610466e-04 
           798   1.102327e-03   7.193708e-04   1.844262e-04   3.755515e-04 
           799   1.111732e-03   7.073595e-04   1.954854e-04   3.980281e-04 
           800   1.075595e-03   6.673923e-04   1.959211e-04   4.154826e-04 
     Iteration     Continuity     X-momentum     Y-momentum     Z-momentum 
           801   1.024863e-03   6.539964e-04   1.944323e-04   4.243707e-04 
           802   9.826230e-04   6.543071e-04   2.136315e-04   4.270485e-04 
           803   9.642122e-04   6.532193e-04   1.946327e-04   4.186383e-04 
           804   9.703938e-04   6.552130e-04   1.923566e-04   4.014829e-04 
           805   9.797489e-04   6.493901e-04   2.018828e-04   3.875681e-04 
           806   9.617331e-04   6.355286e-04   1.993277e-04   3.800689e-04 
           807   9.392029e-04   6.254682e-04   1.857697e-04   3.731019e-04 
           808   9.268790e-04   6.109126e-04   1.723817e-04   3.699990e-04 
           809   9.236663e-04   5.974008e-04   1.545701e-04   3.632612e-04 
           810   9.249828e-04   5.935393e-04   1.557286e-04   3.587995e-04 
     Iteration     Continuity     X-momentum     Y-momentum     Z-momentum 
           811   9.254408e-04   5.951426e-04   1.674027e-04   3.555420e-04 
           812   9.161277e-04   6.089837e-04   1.775728e-04   3.531405e-04 
           813   8.993914e-04   6.325042e-04   1.754690e-04   3.443775e-04 
           814   8.914308e-04   6.564344e-04   1.726615e-04   3.422948e-04 
           815   9.111437e-04   6.769133e-04   1.656799e-04   3.563728e-04 
           816   9.571879e-04   6.894746e-04   1.598335e-04   3.632234e-04 
           817   1.013515e-03   6.981025e-04   1.726555e-04   3.764544e-04 
           818   1.062379e-03   6.716363e-04   1.789457e-04   3.819614e-04 
           819   1.076834e-03   6.375952e-04   1.853920e-04   3.926871e-04 
           820   1.070677e-03   6.193945e-04   1.939237e-04   3.933551e-04 
     Iteration     Continuity     X-momentum     Y-momentum     Z-momentum 
           821   1.050867e-03   6.052260e-04   1.976287e-04   3.979081e-04 
           822   1.002404e-03   5.948113e-04   1.963757e-04   3.985345e-04 
           823   9.491474e-04   5.959902e-04   1.909360e-04   4.012875e-04 
           824   8.974675e-04   6.138233e-04   1.932235e-04   3.932432e-04 
           825   8.626382e-04   6.401417e-04   1.790048e-04   3.799557e-04 
           826   8.592557e-04   6.645336e-04   1.724249e-04   3.657881e-04 
           827   8.861879e-04   6.831115e-04   1.616222e-04   3.563596e-04 
           828   9.367633e-04   7.040150e-04   1.704169e-04   3.471095e-04 
           829   1.002327e-03   7.217771e-04   1.711140e-04   3.528355e-04 
           830   1.066910e-03   7.307105e-04   1.748887e-04   3.607531e-04 
     Iteration     Continuity     X-momentum     Y-momentum     Z-momentum 
           831   1.102544e-03   7.207819e-04   1.829634e-04   3.751557e-04 
           832   1.112692e-03   7.088420e-04   1.963325e-04   3.974865e-04 
           833   1.079595e-03   6.696403e-04   1.966534e-04   4.143935e-04 
           834   1.028952e-03   6.551542e-04   1.942296e-04   4.245592e-04 
           835   9.851545e-04   6.549614e-04   2.124800e-04   4.275845e-04 
           836   9.653966e-04   6.539459e-04   1.945557e-04   4.197175e-04 
           837   9.704422e-04   6.560844e-04   1.928748e-04   4.036148e-04 
           838   9.804617e-04   6.504738e-04   2.011378e-04   3.886075e-04 
           839   9.639437e-04   6.365446e-04   2.002601e-04   3.809194e-04 
           840   9.410912e-04   6.264547e-04   1.871189e-04   3.737965e-04 
     Iteration     Continuity     X-momentum     Y-momentum     Z-momentum 
           841   9.279745e-04   6.122160e-04   1.728715e-04   3.709695e-04 
           842   9.242408e-04   5.982224e-04   1.552527e-04   3.639173e-04 
           843   9.252866e-04   5.937810e-04   1.566329e-04   3.596395e-04 
           844   9.264534e-04   5.948766e-04   1.676031e-04   3.556578e-04 
           845   9.180991e-04   6.079260e-04   1.772639e-04   3.536239e-04 
           846   9.012185e-04   6.311897e-04   1.760182e-04   3.450716e-04 
           847   8.921238e-04   6.553828e-04   1.732717e-04   3.431470e-04 
           848   9.097502e-04   6.764989e-04   1.665608e-04   3.557479e-04 
           849   9.543504e-04   6.898366e-04   1.599550e-04   3.634279e-04 
           850   1.010250e-03   6.987241e-04   1.729527e-04   3.758648e-04 
     Iteration     Continuity     X-momentum     Y-momentum     Z-momentum 
           851   1.060908e-03   6.756758e-04   1.781721e-04   3.827346e-04 
           852   1.077738e-03   6.409936e-04   1.850346e-04   3.927397e-04 
           853   1.072659e-03   6.210446e-04   1.937415e-04   3.937243e-04 
           854   1.054109e-03   6.065530e-04   1.978372e-04   3.984032e-04 
           855   1.007263e-03   5.956532e-04   1.965919e-04   3.987861e-04 
           856   9.538013e-04   5.962484e-04   1.916036e-04   4.016137e-04 
           857   9.016585e-04   6.131610e-04   1.929965e-04   3.946393e-04 
           858   8.650948e-04   6.400118e-04   1.800960e-04   3.814503e-04 
           859   8.592919e-04   6.647525e-04   1.734260e-04   3.669270e-04 
           860   8.848233e-04   6.839813e-04   1.618515e-04   3.577466e-04 
     Iteration     Continuity     X-momentum     Y-momentum     Z-momentum 
           861   9.342367e-04   7.048276e-04   1.689936e-04   3.479387e-04 
           862   9.998775e-04   7.227344e-04   1.715127e-04   3.534417e-04 
           863   1.065040e-03   7.320398e-04   1.751984e-04   3.610473e-04 
           864   1.103600e-03   7.228671e-04   1.819844e-04   3.750074e-04 
           865   1.114540e-03   7.108864e-04   1.974638e-04   3.972839e-04 
           866   1.083950e-03   6.726563e-04   1.968939e-04   4.139698e-04 
           867   1.033131e-03   6.571248e-04   1.944193e-04   4.248892e-04 
           868   9.880378e-04   6.562643e-04   2.110241e-04   4.280648e-04 
           869   9.670380e-04   6.556660e-04   1.950920e-04   4.206270e-04 
           870   9.708881e-04   6.569051e-04   1.937734e-04   4.058246e-04 
     Iteration     Continuity     X-momentum     Y-momentum     Z-momentum 
           871   9.813382e-04   6.514499e-04   2.006395e-04   3.897116e-04 
           872   9.662882e-04   6.375663e-04   2.014019e-04   3.819258e-04 
           873   9.431729e-04   6.274700e-04   1.884354e-04   3.748829e-04 
           874   9.291525e-04   6.136091e-04   1.735146e-04   3.719424e-04 
           875   9.249537e-04   5.991803e-04   1.561459e-04   3.646873e-04 
           876   9.257743e-04   5.938893e-04   1.573643e-04   3.606857e-04 
           877   9.276215e-04   5.944417e-04   1.680246e-04   3.557369e-04 
           878   9.200254e-04   6.065974e-04   1.768499e-04   3.539624e-04 
           879   9.030016e-04   6.295987e-04   1.765713e-04   3.459798e-04 
           880   8.927146e-04   6.540673e-04   1.740050e-04   3.441142e-04 
     Iteration     Continuity     X-momentum     Y-momentum     Z-momentum 
           881   9.082236e-04   6.757383e-04   1.674465e-04   3.550014e-04 
           882   9.513688e-04   6.897370e-04   1.601340e-04   3.636863e-04 
           883   1.006830e-03   6.989086e-04   1.732506e-04   3.752689e-04 
           884   1.059246e-03   6.788167e-04   1.773498e-04   3.832826e-04 
           885   1.078140e-03   6.436009e-04   1.846663e-04   3.926700e-04 
           886   1.074032e-03   6.222584e-04   1.934573e-04   3.939233e-04 
           887   1.056619e-03   6.075655e-04   1.979198e-04   3.986033e-04 
           888   1.011526e-03   5.963064e-04   1.967455e-04   3.989322e-04 
           889   9.578558e-04   5.963845e-04   1.921801e-04   4.018881e-04 
           890   9.053951e-04   6.123805e-04   1.925676e-04   3.958350e-04 
     Iteration     Continuity     X-momentum     Y-momentum     Z-momentum 
           891   8.672571e-04   6.394414e-04   1.810849e-04   3.827271e-04 
           892   8.591548e-04   6.642542e-04   1.737667e-04   3.681936e-04 
           893   8.834133e-04   6.845138e-04   1.614693e-04   3.588596e-04 
           894   9.311293e-04   7.045679e-04   1.673183e-04   3.485599e-04 
           895   9.967079e-04   7.227299e-04   1.719196e-04   3.538351e-04 
           896   1.062319e-03   7.325189e-04   1.750778e-04   3.610494e-04 
           897   1.103714e-03   7.243392e-04   1.810181e-04   3.745202e-04 
           898   1.115434e-03   7.122263e-04   1.983117e-04   3.967259e-04 
           899   1.087436e-03   6.750836e-04   1.968417e-04   4.133629e-04 
           900   1.036557e-03   6.584102e-04   1.944733e-04   4.248761e-04 
     Iteration     Continuity     X-momentum     Y-momentum     Z-momentum 
           901   9.903104e-04   6.568375e-04   2.091590e-04   4.281649e-04 
           902   9.681079e-04   6.566648e-04   1.958410e-04   4.212672e-04 
           903   9.707823e-04   6.571263e-04   1.948836e-04   4.077144e-04 
           904   9.817417e-04   6.518409e-04   2.000486e-04   3.903975e-04 
           905   9.681416e-04   6.381674e-04   2.023292e-04   3.825585e-04 
           906   9.448026e-04   6.280252e-04   1.894697e-04   3.756257e-04 
           907   9.297861e-04   6.146230e-04   1.741093e-04   3.725472e-04 
           908   9.251286e-04   5.998345e-04   1.571073e-04   3.652596e-04 
           909   9.256055e-04   5.936006e-04   1.581277e-04   3.615154e-04 
           910   9.279453e-04   5.938517e-04   1.681046e-04   3.553002e-04 
     Iteration     Continuity     X-momentum     Y-momentum     Z-momentum 
           911   9.211057e-04   6.050044e-04   1.761981e-04   3.541704e-04 
           912   9.040189e-04   6.275573e-04   1.769499e-04   3.467077e-04 
           913   8.927475e-04   6.522031e-04   1.747073e-04   3.447498e-04 
           914   9.061830e-04   6.742170e-04   1.681646e-04   3.539361e-04 
           915   9.477401e-04   6.886642e-04   1.601862e-04   3.633060e-04 
           916   1.002625e-03   6.981520e-04   1.735683e-04   3.742887e-04 
           917   1.056651e-03   6.809090e-04   1.764159e-04   3.833470e-04 
           918   1.077416e-03   6.453506e-04   1.840100e-04   3.920483e-04 
           919   1.074302e-03   6.228749e-04   1.929596e-04   3.937321e-04 
           920   1.058026e-03   6.080269e-04   1.977747e-04   3.983299e-04 
     Iteration     Continuity     X-momentum     Y-momentum     Z-momentum 
           921   1.014855e-03   5.964400e-04   1.967746e-04   3.986959e-04 
           922   9.609431e-04   5.958679e-04   1.926257e-04   4.017709e-04 
           923   9.082343e-04   6.109436e-04   1.920085e-04   3.966083e-04 
           924   8.687292e-04   6.377613e-04   1.816175e-04   3.836321e-04 
           925   8.582799e-04   6.628818e-04   1.739283e-04   3.688928e-04 
           926   8.811455e-04   6.839800e-04   1.607198e-04   3.594338e-04 
           927   9.271505e-04   7.032389e-04   1.654595e-04   3.486833e-04 
           928   9.920194e-04   7.215437e-04   1.721284e-04   3.531934e-04 
           929   1.057801e-03   7.318850e-04   1.745677e-04   3.603882e-04 
           930   1.102246e-03   7.249201e-04   1.798557e-04   3.734828e-04 
     Iteration     Continuity     X-momentum     Y-momentum     Z-momentum 
           931   1.114840e-03   7.126486e-04   1.987368e-04   3.955381e-04 
           932   1.089931e-03   6.769686e-04   1.964949e-04   4.122499e-04 
           933   1.039163e-03   6.588552e-04   1.943319e-04   4.243762e-04 
           934   9.919199e-04   6.565087e-04   2.070695e-04   4.278337e-04 
           935   9.684915e-04   6.567368e-04   1.968817e-04   4.215064e-04 
           936   9.700705e-04   6.567207e-04   1.962533e-04   4.090173e-04 
           937   9.815568e-04   6.514375e-04   1.993982e-04   3.906872e-04 
           938   9.694096e-04   6.380560e-04   2.030414e-04   3.828581e-04 
           939   9.456837e-04   6.277898e-04   1.903033e-04   3.759926e-04 
           940   9.294733e-04   6.149631e-04   1.746089e-04   3.727646e-04 
     Iteration     Continuity     X-momentum     Y-momentum     Z-momentum 
           941   9.242146e-04   6.000620e-04   1.581838e-04   3.655530e-04 
           942   9.242429e-04   5.929301e-04   1.585715e-04   3.620067e-04 
           943   9.270083e-04   5.933470e-04   1.668056e-04   3.546528e-04 
           944   9.210023e-04   6.034778e-04   1.753069e-04   3.539118e-04 
           945   9.043216e-04   6.253701e-04   1.770059e-04   3.469212e-04 
           946   8.921161e-04   6.501910e-04   1.747756e-04   3.435753e-04 
           947   9.032240e-04   6.722659e-04   1.685454e-04   3.524510e-04 
           948   9.434895e-04   6.872072e-04   1.601721e-04   3.623551e-04 
           949   9.978891e-04   6.969922e-04   1.736433e-04   3.728471e-04 
           950   1.053122e-03   6.822251e-04   1.754031e-04   3.829572e-04 
     Iteration     Continuity     X-momentum     Y-momentum     Z-momentum 
           951   1.075953e-03   6.466543e-04   1.833637e-04   3.910927e-04 
           952   1.073797e-03   6.231600e-04   1.922773e-04   3.934275e-04 
           953   1.058656e-03   6.082111e-04   1.975379e-04   3.978776e-04 
           954   1.017606e-03   5.963464e-04   1.967138e-04   3.983369e-04 
           955   9.635320e-04   5.950429e-04   1.930152e-04   4.014903e-04 
           956   9.107143e-04   6.091505e-04   1.913690e-04   3.971733e-04 
           957   8.698720e-04   6.355540e-04   1.820693e-04   3.843018e-04 
           958   8.571054e-04   6.610047e-04   1.738938e-04   3.693759e-04 
           959   8.783919e-04   6.827120e-04   1.599148e-04   3.596863e-04 
           960   9.227215e-04   7.013625e-04   1.635138e-04   3.488796e-04 
     Iteration     Continuity     X-momentum     Y-momentum     Z-momentum 
           961   9.866685e-04   7.198419e-04   1.723990e-04   3.523134e-04 
           962   1.052577e-03   7.307580e-04   1.739074e-04   3.594772e-04 
           963   1.100143e-03   7.251603e-04   1.786473e-04   3.721859e-04 
           964   1.113635e-03   7.127311e-04   1.990335e-04   3.941147e-04 
           965   1.092101e-03   6.787957e-04   1.960290e-04   4.109435e-04 
           966   1.041546e-03   6.590097e-04   1.941560e-04   4.235819e-04 
           967   9.934069e-04   6.558039e-04   2.048683e-04   4.273302e-04 
           968   9.685197e-04   6.564308e-04   1.984028e-04   4.211227e-04 
           969   9.686149e-04   6.565463e-04   1.971352e-04   4.090158e-04 
           970   9.804846e-04   6.513004e-04   1.984231e-04   3.909261e-04 
     Iteration     Continuity     X-momentum     Y-momentum     Z-momentum 
           971   9.704120e-04   6.383445e-04   2.037183e-04   3.828645e-04 
           972   9.464942e-04   6.276936e-04   1.910990e-04   3.760929e-04 
           973   9.291745e-04   6.153445e-04   1.751930e-04   3.726440e-04 
           974   9.230627e-04   6.004704e-04   1.595196e-04   3.655027e-04 
           975   9.225610e-04   5.923146e-04   1.584465e-04   3.623985e-04 
           976   9.256563e-04   5.930514e-04   1.649173e-04   3.540261e-04 
           977   9.205596e-04   6.021257e-04   1.742925e-04   3.535198e-04 
           978   9.046548e-04   6.232766e-04   1.770655e-04   3.471128e-04 
           979   8.916256e-04   6.480156e-04   1.747071e-04   3.425233e-04 
           980   9.004432e-04   6.700963e-04   1.689476e-04   3.509356e-04 
     Iteration     Continuity     X-momentum     Y-momentum     Z-momentum 
           981   9.391898e-04   6.854741e-04   1.602572e-04   3.615326e-04 
           982   9.928069e-04   6.955139e-04   1.735943e-04   3.709312e-04 
           983   1.048868e-03   6.833551e-04   1.747321e-04   3.826417e-04 
           984   1.074310e-03   6.480649e-04   1.827313e-04   3.900500e-04 
           985   1.073287e-03   6.234820e-04   1.914892e-04   3.931720e-04 
           986   1.059341e-03   6.083797e-04   1.973188e-04   3.973091e-04 
           987   1.020556e-03   5.962019e-04   1.966775e-04   3.979873e-04 
           988   9.662150e-04   5.940891e-04   1.934870e-04   4.011620e-04 
           989   9.132787e-04   6.071606e-04   1.905919e-04   3.976598e-04 
           990   8.709902e-04   6.330879e-04   1.825958e-04   3.848224e-04 
     Iteration     Continuity     X-momentum     Y-momentum     Z-momentum 
           991   8.558787e-04   6.588250e-04   1.736490e-04   3.699655e-04 
           992   8.754305e-04   6.811169e-04   1.592565e-04   3.598024e-04 
           993   9.181841e-04   6.992663e-04   1.617277e-04   3.489755e-04 
           994   9.810932e-04   7.179080e-04   1.726994e-04   3.513987e-04 
           995   1.047083e-03   7.294255e-04   1.733255e-04   3.584525e-04 
           996   1.097378e-03   7.251015e-04   1.773869e-04   3.703231e-04 
           997   1.111695e-03   7.125896e-04   1.991230e-04   3.926280e-04 
           998   1.094026e-03   6.809621e-04   1.953974e-04   4.093473e-04 
           999   1.043753e-03   6.590996e-04   1.938611e-04   4.224876e-04 
          1000   9.948910e-04   6.549588e-04   2.028400e-04   4.267695e-04 
Stopping criterion SteadySolver::Maximum Steps satisfied.
SAMEMESH iter=1000
Saving: d:/training/caedecoder/stardecoding/s6_samemesh/official.sim... complete (5.9483MB in 0.129s).
SAMEMESH_DONE d:/training/caedecoder/stardecoding/s6_samemesh/official.sim
Design Simcenter STAR-CCM+ simulation completed
服务器流程退出：程序 0